,i,h,n,c,ind,ez
0,0.05705536966726231,0.030435828755871166,0.06790234727626343,0.13281482743963083,81267890.6208202,1.0
1,0.03622263281813161,0.035567438380884685,0.04074718479728772,0.12400171797407249,130206275.47652937,1.0
2,0.0212298930610572,0.02771036640237063,0.05070789503927568,0.1473164965848471,130742336.15823565,1.0
3,0.029338273640154677,0.028488122995718478,0.050662742539836804,0.12179033970460296,77333621.2945845,1.0
4,0.027558706188716017,0.041052070936788115,0.04872167342342287,0.12808655777218522,104204154.07201152,1.0
5,0.020194926073202203,0.02418529968339971,0.036442722631753015,0.10475474451730024,69852181.68746072,1.0
6,0.06151456136484107,0.05704912926080621,0.1492138435000355,0.21144477227271039,65022689.91833287,1.0
7,0.027326553055483083,0.0276348942541767,0.04274294055311228,0.12459617817502408,62597955.40144277,1.0
8,0.0434591743731237,0.04604143181692235,0.05784071811765272,0.1323023652360778,90485687.21433692,1.0
9,0.03557412091363221,0.03427739296236541,0.061115306250983846,0.12966820160998033,85407874.202875,1.0
10,0.03123710647864336,0.0359879293875442,0.07330975275491104,0.12471456683726642,57432816.645948075,1.0
11,0.055351034585666356,0.0563703259559129,0.10678116790222386,0.17450844690234402,72287536.76660877,1.0
12,0.02564466866153089,0.029965268653194595,0.050192407028202955,0.1458350951854472,57259241.3100276,1.0
13,0.03633419173745916,0.034709372993061566,0.054486425578974,0.13239405417069233,64559201.7886057,1.0
14,0.03542561806078418,0.048838561490647026,0.06111199780821036,0.14449558211555638,63018885.53193473,1.0
15,0.02795598083329076,0.030440576825716305,0.03882651076823812,0.09942674864898758,56141084.808864266,1.0
16,0.04400812930328863,0.04772097125133146,0.10223925264865072,0.1539246981443504,54318741.35126104,1.0
17,0.040852023346791014,0.029977287714684175,0.0549150783536038,0.13655231339777077,37857746.902957104,1.0
18,0.045724401325648215,0.05357041376293895,0.0563590028184877,0.12229061462398115,10097104.066962305,1.0
19,0.029206119023691277,0.04181180328719988,0.036975012548804635,0.11340363729414192,36579891.53602383,1.0
20,0.021422661904949993,0.08440189593150474,0.029833526031327922,0.10614265770443289,35643230.79777553,1.0
21,0.040485565871189254,0.06052700722036694,0.05655799663382704,0.10951626437979387,32170891.15896739,1.0
