,i,h,n,c,ind,ez
0,0.05705536966726231,0.030435828755871166,0.07990187449974216,0.1153335902094841,81267890.6208202,1.0
1,0.03622263281813161,0.035567438380884685,0.09342973969263593,0.13888694576384317,130206275.47652937,1.0
2,0.0212298930610572,0.02771036640237063,0.0680817177531842,0.12519169162860042,130742336.15823565,1.0
3,0.029338273640154677,0.028488122995718478,0.047902613109974214,0.07991777079216406,77333621.2945845,1.0
4,0.027558706188716017,0.041052070936788115,0.08279934386827217,0.1262264145232092,104204154.07201152,1.0
5,0.020194926073202203,0.02418529968339971,0.061067199609333114,0.08560132520890307,69852181.68746072,1.0
6,0.06151456136484107,0.05704912926080621,0.19659402844595997,0.22501233448983876,65022689.91833287,1.0
7,0.027326553055483083,0.0276348942541767,0.05743858053681794,0.09200754785591758,62597955.40144277,1.0
8,0.0434591743731237,0.04604143181692235,0.10952485400455667,0.14680517048151048,90485687.21433692,1.0
9,0.03557412091363221,0.03427739296236541,0.09163868727278895,0.11367383730364963,85407874.202875,1.0
10,0.03123710647864336,0.0359879293875442,0.07572704312163694,0.12776825600615127,57432816.645948075,1.0
11,0.055351034585666356,0.0563703259559129,0.16323514256822094,0.18411871487265868,72287536.76660877,1.0
12,0.02564466866153089,0.029965268653194595,0.059094804937145036,0.09090293180060392,57259241.3100276,1.0
13,0.03633419173745916,0.034709372993061566,0.09980045680788861,0.14268616337267712,64559201.7886057,1.0
14,0.03542561806078418,0.048838561490647026,0.0847445164266583,0.12214717844496796,63018885.53193473,1.0
15,0.02795598083329076,0.030440576825716305,0.11049571432799293,0.1338088864224962,56141084.808864266,1.0
16,0.04400812930328863,0.04772097125133146,0.08935869306121998,0.11348026316891266,54318741.35126104,1.0
17,0.040852023346791014,0.029977287714684175,0.05994884107496181,0.11254961868404399,37857746.902957104,1.0
18,0.045724401325648215,0.05357041376293895,0.04310199414811483,0.05913356798979766,10097104.066962305,1.0
19,0.029206119023691277,0.04181180328719988,0.06666842215308033,0.09215115420601026,36579891.53602383,1.0
20,0.021422661904949993,0.08440189593150474,0.04940637440634449,0.08337016689569451,35643230.79777553,1.0
21,0.040485565871189254,0.06052700722036694,0.1367895413811008,0.1646146658298465,32170891.15896739,1.0
