,i,h,n,c,ind,ez
0,0.7607047792494828,0.7743967072431563,0.7165176033768261,0.7021737590220415,112378239.00102638,0.0
1,0.7890262161594375,0.8011785495486423,0.7452819015407394,0.7269901598655014,120072967.39106715,0.0
2,0.798447657004026,0.8127835416068243,0.7537862253108101,0.733584958928066,98719750.72593424,0.0
3,0.7993428125870511,0.8127939504708708,0.7521153514932992,0.7246407867293243,90401429.73050003,0.0
4,0.7856078440035477,0.799800348180716,0.7393729080617918,0.7183036858942276,94419715.57833235,0.0
5,0.7857875179750285,0.8005501014140196,0.7430115825670097,0.7266125800049017,83259416.03312388,0.0
6,0.7729666254653934,0.7869366353638739,0.7329182103927169,0.7109493889977171,79025127.04664215,0.0
7,0.7904193825560245,0.7989843577981524,0.7342264044334513,0.7073332068560308,70896387.72880295,0.0
8,0.7467708749450782,0.7617561204560996,0.7099233040275467,0.6938487442320953,82536722.08318223,0.0
9,0.7839775982098369,0.796642753764472,0.7352128570948119,0.7177196680398873,68945499.41634218,0.0
10,0.7736439034367215,0.7849095674121129,0.7168873753563122,0.6978180399293232,66928726.45785262,0.0
11,0.7857927586934141,0.7990462320297247,0.7367285728363053,0.7199176139478404,71321404.90464671,0.0
12,0.8074357206127927,0.8203010012958126,0.7508132646089246,0.7213812195400203,67102165.78282662,0.0
13,0.7797564750321732,0.7897663314044764,0.7287155057232423,0.7102407307942903,67938773.0057769,0.0
14,0.7511120266079724,0.7623527908720961,0.7210709915928233,0.7052551744652396,61790710.03055287,0.0
15,0.7493829046216458,0.7627094756773629,0.698331331328408,0.6806693239120838,44137306.836604945,0.0
16,0.7476886920681041,0.762489420384108,0.698172104461967,0.688791051198848,42963878.85619946,0.0
17,0.8064447756826238,0.8156516370569376,0.7509867266533553,0.726463224872478,42442967.84389788,0.0
18,0.7281576280288797,0.7364666172178008,0.665228589664717,0.6542657427554555,27472550.25514165,0.0
19,0.7810322926926758,0.7903729408281241,0.7121454949655962,0.6956844899582406,36431197.1427945,0.0
20,0.7999677499818105,0.810945978675432,0.7363792309990278,0.715259398946352,32879807.557142142,0.0
21,0.7534405280673261,0.7666361769668497,0.7012956327749401,0.6873227977587689,34597452.16623824,0.0
