,i,h,n,c,ind,ez
0,0.7607047792494828,0.7743967072431563,0.763990552688245,0.6827074930158272,112378239.00102638,0.0
1,0.7890262161594375,0.8011785495486423,0.7901204251056785,0.6940866276322288,120072967.39106715,0.0
2,0.798447657004026,0.8127835416068243,0.8045176665292844,0.7055800597134261,98719750.72593424,0.0
3,0.7993428125870511,0.8127939504708708,0.8003652565207261,0.6883707916744131,90401429.73050003,0.0
4,0.7856078440035477,0.799800348180716,0.7835146424006534,0.6827296792236721,94419715.57833235,0.0
5,0.7857875179750285,0.8005501014140196,0.7901087553601072,0.6964716336837047,83259416.03312388,0.0
6,0.7729666254653934,0.7869366353638739,0.7763229903922246,0.6865884492490747,79025127.04664215,0.0
7,0.7904193825560245,0.7989843577981524,0.7859977525846455,0.685711674030241,70896387.72880295,0.0
8,0.7467708749450782,0.7617561204560996,0.7488688783542344,0.6635137710490464,82536722.08318223,0.0
9,0.7839775982098369,0.796642753764472,0.78550223612649,0.6939753872636913,68945499.41634218,0.0
10,0.7736439034367215,0.7849095674121129,0.7709629641268657,0.6812839467360917,66928726.45785262,0.0
11,0.7857927586934141,0.7990462320297247,0.7859631412951307,0.7010094656892264,71321404.90464671,0.0
12,0.8074357206127927,0.8203010012958126,0.8079015738597998,0.7037588187004148,67102165.78282662,0.0
13,0.7797564750321732,0.7897663314044764,0.7780918133759825,0.6909711234778293,67938773.0057769,0.0
14,0.7511120266079724,0.7623527908720961,0.7508896220503342,0.6726042339497388,61790710.03055287,0.0
15,0.7493829046216458,0.7627094756773629,0.7438436445247727,0.6753316824038212,44137306.836604945,0.0
16,0.7476886920681041,0.762489420384108,0.7478172221288318,0.690175753466522,42963878.85619946,0.0
17,0.8064447756826238,0.8156516370569376,0.8081353292691829,0.6997833885302179,42442967.84389788,0.0
18,0.7281576280288797,0.7364666172178008,0.7210357306649389,0.6764657119006274,27472550.25514165,0.0
19,0.7810322926926758,0.7903729408281241,0.7730011656792117,0.6901207552816607,36431197.1427945,0.0
20,0.7999677499818105,0.810945978675432,0.7854833094538506,0.6998625335339332,32879807.557142142,0.0
21,0.7534405280673261,0.7666361769668497,0.7472033895187338,0.6870642412441023,34597452.16623824,0.0
